24 1
1 4.000000 solvent
1.7 0.2 0.0 0.1 1 0 486000
0 1.0 1.0 4.0 2 400 400 0 solvent
0 1.0 1.0 6.0 2 500 500
1 100 1.58 100 1.58 -0.00 0 force_press.dat force_shear_t.dat force_shear_n.dat solvent
1  110.000000 20.000000 -15.000000  110.000000 20.000000 15.000000  60.000000 20.000000 -15.000000 3 -1 0 0.
0.000000 0.000000 0.000000 
1  60.000000 20.000000 15.000000  60.000000 20.000000 -15.000000  110.000000 20.000000 15.000000 3 -1 0 0.
0.000000 0.000000 0.000000 
1  30.000000 20.000000 -15.000000  30.000000 20.000000 15.000000  -10.000000 20.000000 -15.000000 3 -1 0 0.
0.000000 0.000000 0.000000 
1  -10.000000 20.000000 15.000000  -10.000000 20.000000 -15.000000  30.000000 20.000000 15.000000 3 -1 0 0.
0.000000 0.000000 0.000000 
1  -10.000000 0.000000 -15.000000  -10.000000 0.000000 15.000000  30.000000 0.000000 -15.000000 3 -1 0 0.
0.000000 0.000000 0.000000 
1  30.000000 0.000000 15.000000  30.000000 0.000000 -15.000000  -10.000000 0.000000 15.000000 3 -1 0 0.
0.000000 0.000000 0.000000 
1  60.000000 0.000000 -15.000000  60.000000 0.000000 15.000000  110.000000 0.000000 -15.000000 3 -1 0 0.
0.000000 0.000000 0.000000 
1  110.000000 0.000000 15.000000  110.000000 0.000000 -15.000000  60.000000 0.000000 15.000000 3 -1 0 0.
0.000000 0.000000 0.000000 
1  30.000000 20.000000 -15.000000  37.500000 20.000000 -15.000000  30.000000 20.000000 15.000000 3 -1 0 0.
0.000000 0.000000 0.000000 
1  37.500000 20.000000 15.000000  30.000000 20.000000 15.000000  37.500000 20.000000 -15.000000 3 -1 0 0.
0.000000 0.000000 0.000000 
1  37.500000 20.000000 -15.000000  45.000000 20.000000 -15.000000  37.500000 20.000000 15.000000 3 -1 0 0.
0.000000 0.000000 0.000000 
1  45.000000 20.000000 15.000000  37.500000 20.000000 15.000000  45.000000 20.000000 -15.000000 3 -1 0 0.
0.000000 0.000000 0.000000 
1  45.000000 20.000000 -15.000000  52.500000 20.000000 -15.000000  45.000000 20.000000 15.000000 3 -1 0 0.
0.000000 0.000000 0.000000 
1  52.500000 20.000000 15.000000  45.000000 20.000000 15.000000  52.500000 20.000000 -15.000000 3 -1 0 0.
0.000000 0.000000 0.000000 
1  52.500000 20.000000 -15.000000  60.000000 20.000000 -15.000000  52.500000 20.000000 15.000000 3 -1 0 0.
0.000000 0.000000 0.000000 
1  60.000000 20.000000 15.000000  52.500000 20.000000 15.000000  60.000000 20.000000 -15.000000 3 -1 0 0.
0.000000 0.000000 0.000000 
1  30.000000 0.000000 -15.000000  30.000000 0.000000 15.000000  37.500000 0.000000 -15.000000 3 -1 0 0.
0.000000 0.000000 0.000000 
1  37.500000 0.000000 15.000000  37.500000 0.000000 -15.000000  30.000000 0.000000 15.000000 3 -1 0 0.
0.000000 0.000000 0.000000 
1  37.500000 0.000000 -15.000000  37.500000 0.000000 15.000000  45.000000 0.000000 -15.000000 3 -1 0 0.
0.000000 0.000000 0.000000 
1  45.000000 0.000000 15.000000  45.000000 0.000000 -15.000000  37.500000 0.000000 15.000000 3 -1 0 0.
0.000000 0.000000 0.000000 
1  45.000000 0.000000 -15.000000  45.000000 0.000000 15.000000  52.500000 0.000000 -15.000000 3 -1 0 0.
0.000000 0.000000 0.000000 
1  52.500000 0.000000 15.000000  52.500000 0.000000 -15.000000  45.000000 0.000000 15.000000 3 -1 0 0.
0.000000 0.000000 0.000000 
1  52.500000 0.000000 -15.000000  52.500000 0.000000 15.000000  60.000000 0.000000 -15.000000 3 -1 0 0.
0.000000 0.000000 0.000000 
1  60.000000 0.000000 15.000000  60.000000 0.000000 -15.000000  52.500000 0.000000 15.000000 3 -1 0 0.
0.000000 0.000000 0.000000 
